Future predictions (beta)

hong kong
[5284 5289 5295 5303 5308 5310 5313 5320 5323]
5327.965441823704

united kingdom
[830998 854010 873800 894690 917575 942275 965340 989745 1011660]
1034329.6857664199

china
[91108 91128 91151 91175 91222 91271 91299 91339 91366]
91398.76739631593

us
[8493088 8576818 8637625 8704423 8778055 8856413 8944934 9044255 9125482]
9205188.113017052


Future predictions (std)

hong kong
[5284 5289 5295 5303 5308 5310 5313 5320 5323]
5328.739283244838

united kingdom
[830998 854010 873800 894690 917575 942275 965340 989745 1011660]
1034743.0042751528

china
[91108 91128 91151 91175 91222 91271 91299 91339 91366]
91401.99193901634

us
[8493088 8576818 8637625 8704423 8778055 8856413 8944934 9044255 9125482]
9208335.70091485