Future predictions (beta)

hong kong
[5289 5295 5303 5308 5310 5313 5320 5323 5330]
5335.2208874356

united kingdom
[854010 873800 894690 917575 942275 965340 989745 1011660 1034914]
1057614.7907339316

china
[91128 91151 91175 91222 91271 91299 91339 91366 91397]
91431.08187685534

us
[8576818 8637625 8704423 8778055 8856413 8944934 9044255 9125482 9206975]
9286406.853051532


Future predictions (std)

hong kong
[5289 5295 5303 5308 5310 5313 5320 5323 5330]
5336.154243429895

united kingdom
[854010 873800 894690 917575 942275 965340 989745 1011660 1034914]
1058118.4286040177

china
[91128 91151 91175 91222 91271 91299 91339 91366 91397]
91434.65683430941

us
[8576818 8637625 8704423 8778055 8856413 8944934 9044255 9125482 9206975]
9289423.235490581