Future predictions (beta)

hong kong
[5280 5284 5289 5295 5303 5308 5310 5313 5320]
5325.082858297974

united kingdom
[810467 830998 854010 873800 894690 917575 942275 965340 989745]
1012240.569920796

china
[91073 91108 91128 91151 91175 91222 91271 91299 91339]
91372.78368813824

us
[8409341 8493088 8576818 8637625 8704423 8778055 8856413 8944934 9044255]
9124204.159205291


Future predictions (std)

hong kong
[5280 5284 5289 5295 5303 5308 5310 5313 5320]
5325.931344340294

united kingdom
[810467 830998 854010 873800 894690 917575 942275 965340 989745]
1012836.8399299639

china
[91073 91108 91128 91151 91175 91222 91271 91299 91339]
91376.43818850891

us
[8409341 8493088 8576818 8637625 8704423 8778055 8856413 8944934 9044255]
9128964.583894141