Future predictions (beta)

hong kong
[5295 5303 5308 5310 5313 5320 5323 5330 5336]
5341.228228050284
Ground truth: 5345

united kingdom
[873800 894690 917575 942275 965340 989745 1011660 1034914 1053864]
1076452.0821883306
Ground truth: 1073882

china
[91151 91175 91222 91271 91299 91339 91366 91397 91452]
91490.09487160482
Ground truth: 91478

us
[8637625 8704423 8778055 8856413 8944934 9044255 9133381 9206975 9291064]
9373288.78952168
Ground truth: 9382617


Future predictions (std)

hong kong
[5295 5303 5308 5310 5313 5320 5323 5330 5336]
5342.0765944520135
Ground truth: 5345

united kingdom
[873800 894690 917575 942275 965340 989745 1011660 1034914 1053864]
1076955.9441084429
Ground truth: 1073882

china
[91151 91175 91222 91271 91299 91339 91366 91397 91452]
91494.92126095896
Ground truth: 91478

us
[8637625 8704423 8778055 8856413 8944934 9044255 9133381 9206975 9291064]
9376503.937725523
Ground truth: 91478